# SWC format file
# based on specifications at http://www.neuronland.org/NLMorphologyConverter/MorphologyFormats/SWC/Spec.html
# Created by nat::write.neuron.swc
# PointNo Label X Y Z Radius Parent 
1 2 211 257 101.5 1.03009 -1
2 2 211.382 257.583 98.4951 1.03009 1
3 2 211 259 95.6667 1 2
4 2 206.763 262 94.7709 0.907263 3
5 2 205.375 262.625 92.25 0.914214 4
6 2 209.5 264 95 1 4
7 2 211.5 265.5 95 1 6
8 2 215 266 95 1 7
9 2 210 259 105 1 1
10 2 207 256 105 1 9
11 0 212.122 436.867 36 5.81996 -1
12 0 218.144 443.193 37.2315 3.05593 11
13 0 223.478 448.441 37.3786 1.56705 12
14 0 226.216 452.619 37.5938 1.51664 13
15 0 228.879 456.696 38.7308 1.41853 14
16 0 229.942 461.471 39.761 1.50826 15
17 0 231.305 466.279 39.924 1.98402 16
18 0 234.396 469.861 41.5427 2.44419 17
19 0 238.405 470.419 44.4776 1.3973 18
20 0 242.922 469.961 46.5725 1.58987 19
21 0 247.539 468.776 48.082 1.66236 20
22 0 252.345 470.014 48.6843 1.41215 21
23 0 256.869 471.744 49.9274 1.26431 22
24 0 261.263 474.057 50.5145 1.65499 23
25 0 265.169 477.066 51.3401 1.50707 24
26 0 268.68 478.167 54.7263 1.5 25
27 0 272.88 478.639 57.3971 1.25228 26
28 0 277.327 477.724 59.4917 1.31609 27
29 0 281.414 475.6 61.4365 1.45151 28
30 0 285.073 472.784 63.3552 1.64993 29
31 0 289.059 469.969 64.4442 1.14722 30
32 0 293.676 468.829 65.9894 1.20917 31
33 0 298.204 468.236 68.0258 1.5904 32
34 0 305.246 469.689 72.9995 1.38998 33
35 0 304.054 474.389 74.2181 1.42646 34
36 0 302.265 478.858 75.5702 2.1916 35
37 2 298 482 75.25 1.41421 36
38 2 290 486 74.9583 1.41421 37
39 2 285 488 74.3333 1.41421 38
40 2 280 495 73.7083 1.41421 39
41 2 277 498 73.25 1.41421 40
42 2 278 503 73.1667 1.41421 41
43 2 279 507 73.6667 1.41421 42
44 2 278 509 74.3333 1.41421 43
45 2 279 513 75.1667 1.41421 44
46 2 281 516 75.6667 1.41421 45
47 2 280 520 76.3333 1.41421 46
48 2 281 525 76.9167 1.41421 47
49 2 281.5 530.5 77.8611 1.70711 48
50 2 283 535 78.8056 2 49
51 2 282 538 79.4722 2 50
52 2 283 542 80.25 2 51
53 2 284.5 547.25 81.7083 2 52
54 2 286 552 82.75 2 53
55 0 283.5 558.5 85.4167 2.41421 54
56 2 281 565 88.0833 2.32843 55
57 2 277 571 90.3333 2.35702 56
58 2 276 576 95.5833 2.15738 57
59 0 275.899 582.499 99.4984 2.23614 58
60 2 275.798 588.998 103.414 2.31489 59
61 2 279 593 109.75 2.63097 60
62 2 280 595 111.5 2.82843 61
63 2 268 579 95.9333 2.05246 58
64 2 263 582 95.9333 2.05246 63
65 2 260 585 95.9 2 64
66 2 290 553 86.125 2.41421 54
67 2 293 558 91.8667 1.27614 66
68 2 296 561 92.1833 1.13807 67
69 2 299 565 92.5 1 68
70 2 301 569 94.5556 1.27614 69
71 2 305.667 575 95.6667 1.36819 70
72 2 308 578.5 96 1.06904 71
73 2 308 581 96.3333 1 72
74 2 307.831 584.508 96.7514 1 73
75 2 311 587 97.1667 1.88562 74
76 2 315.75 590 98.5833 1.90237 75
77 2 319.5 590 99.0833 1.70711 76
78 2 323 590 99.6667 1.41421 77
79 2 327.5 590 100.5 1.70711 78
80 2 332.5 589.333 101 2 79
81 2 337 587 101.333 1.70711 80
82 2 341.333 587.333 102.278 1.41421 81
83 2 345 588 103 1.41421 82
84 2 307 587 97.1667 1 74
85 2 308.84 588.84 98.2442 1.15531 84
86 2 310 596.005 101.119 1.95268 85
87 2 314 597 104.75 1 86
88 2 320 597 105.75 1 87
89 2 323 596 106.75 1 88
90 2 307.5 601 102.583 1.51184 86
91 2 303.726 604 104.427 1.41421 90
92 2 302 604 106.417 1.41421 91
93 2 299.5 605.5 107.833 1.41421 92
94 2 296 607.5 109.083 1.41421 93
95 2 294 608 109.5 1.41421 94
96 0 298.122 481.027 77.3388 1.56493 36
97 0 294.765 483.669 79.9376 1.56493 96
98 0 291.409 486.311 82.5364 1.71678 97
99 2 286 486 83.75 1.71678 98
100 2 284 484 83.75 1.71678 99
101 2 279 486 84 1.41421 100
102 2 275 484.5 82 1.41421 101
103 2 269 481 82.2083 1.60948 102
104 2 260 480 84 2 103
105 2 284 480 85 1 100
106 2 283 476 85 1 105
107 2 283 472 85 1 106
108 2 284 470 85 1 107
109 2 285 467 86 1.41421 108
110 2 289.25 460.5 87.9167 2.26631 109
111 2 293 452.35 91.2975 1.94665 110
112 2 294 446.5 93.8333 1.13807 111
113 2 293.667 441.333 96.0556 1.36819 112
114 2 293 438 97 1.41421 113
115 2 292 437 99.8333 1.41421 114
116 2 289 433 101.833 1.41421 115
117 2 286 431 103.5 1.41421 116
118 2 282 428 105.417 1.41421 117
119 2 279 425.5 107.806 1.41421 118
120 2 273 422 111.167 1.13807 119
121 2 269 419 112.917 1 120
122 2 264 414 115.806 1.4714 121
123 2 262 410 117 2 122
124 2 292 433 97.4583 1.41421 114
125 2 292 430 98.3958 1.41421 124
126 2 291 425 100 1.41421 125
127 0 288.056 489.91 83.4336 2.07016 98
128 0 285.691 494.237 84.2612 1.62803 127
129 0 284.402 499.034 84.8354 1.66075 128
130 0 283.876 503.959 85.5211 1.73667 129
131 0 283.531 508.911 86.1186 2.22594 130
132 0 285.612 513.314 87.2503 1.62998 131
133 0 289.332 516.173 88.979 1.83051 132
134 0 293.37 518.59 90.6668 2.05886 133
135 0 297.814 519.731 92.6547 2.282 134
136 0 306.862 523.157 95.1828 2.282 135
137 2 303 468 72 1.34894 34
138 2 299 466 72 1.82843 137
139 0 295 466.5 72 1.41421 138
140 2 293 469 71.5 1.70711 139
141 2 289 471 73.6667 1.20711 140
142 2 287 473 73.6667 1.70711 141
143 2 291 467 72 1 139
144 2 288 467 71.6667 1 143
145 2 284 469 71.3333 1 144
146 2 280 470 71 1.33333 145
147 2 278 469 71 1.5 146
148 2 274 469 70.8333 1.44281 147
149 2 270 470 71 1.41421 148
150 2 264 471 71 1.41421 149
151 2 256.781 472.956 72.0658 1.01212 150
152 2 251.5 472 74.0417 1.44281 151
153 2 254 475 75.1667 1.43328 152
154 2 255 477 76.5 1.41421 153
155 2 260 477 77 1.70711 154
156 2 246.5 471.5 76.5833 1.90237 152
157 2 238.748 471.624 79.2522 2.17225 156
158 2 234.659 470.61 81.5498 2 157
159 2 231 470 83.2778 2 158
160 2 229 470 83.75 2 159
161 2 278 468 72.5 1.5 147
162 2 273 461 73.3333 1.75 161
163 2 269 458 73.8333 2 162
164 2 264 453.5 74.3 2 163
165 2 260 450 74.6 2 164
166 0 306.438 464.988 71.7809 1.38998 34
167 0 308.309 460.393 71.1637 1.28224 166
168 2 311 462 72.8889 2 167
169 2 314 466 73.7778 2 168
170 2 318 467 74.8889 1.66667 169
171 2 321 467 76.0556 1.33333 170
172 2 324 469 77.5 1 171
173 2 326 467 77.8333 1.13807 172
174 2 328 465 78 1.27614 173
175 2 330.667 462 78.0556 1.41421 174
176 2 333 458.5 78.6111 1.20711 175
177 2 335.667 457 79 1 176
178 2 338 457 79 1 177
179 2 342 460 79 1.27614 178
180 2 344 463 79 1.41421 179
181 2 339 453.667 78.3333 1 177
182 2 343.7 450.402 78 1 181
183 2 345 450 78 1 182
184 0 309.807 455.681 70.4186 1.70764 167
185 0 312.047 451.213 70.2895 1.69324 184
186 0 313.924 446.581 70.4298 1.65554 185
187 0 314.994 441.699 70.5701 1.48486 186
188 0 315.763 436.783 71.0693 1.39976 187
189 0 316.5 431.874 71.6677 1.04448 188
190 0 317.831 427.162 72.6784 1.44085 189
191 0 318.553 422.335 73.7649 1.44854 190
192 0 320.29 417.657 74.0845 1.28029 191
193 0 322.917 413.407 74.2717 1.26525 192
194 0 325.222 409.047 75.0939 1.81948 193
195 0 327.051 404.667 76.6673 1.31108 194
196 0 327.661 400.085 78.5711 1.65621 195
197 0 328.1 395.453 80.4033 1.50277 196
198 0 327.647 390.736 81.9984 1.44117 197
199 0 327.844 386.144 83.967 1.44489 198
200 0 327.39 381.557 85.9042 1.0547 199
201 0 326.181 376.924 87.3436 1.52177 200
202 0 324.22 372.686 89.1322 1.43493 201
203 0 322.472 368.175 90.3923 1.43493 202
204 0 320.032 364.006 91.6836 1.42026 203
205 0 318.529 359.55 93.3839 1.27466 204
206 0 317.027 355.095 95.0842 1.27466 205
207 0 315.921 350.74 97.2784 1.49883 206
208 0 314.863 346.29 99.298 1.53224 207
209 0 313.477 342.146 101.727 1.53224 208
210 0 312.367 338.006 104.301 1.43875 209
211 0 311.257 333.866 106.876 1.43875 210
212 0 309.433 329.987 109.451 1.6106 211
213 0 307.495 326.264 112.167 1.76572 212
214 0 305.964 321.997 114.277 1.68697 213
215 0 304.225 317.648 116.027 1.76456 214
216 0 302.485 313.299 117.776 1.76456 215
217 2 311 308 121.95 2 216
218 2 315.3 309 126.267 2 217
219 2 324 308 126.9 2 218
220 2 331 313.5 129.667 1.90237 219
221 2 335 318 130 1.70711 220
222 2 316 305 122.75 1.70711 217
223 0 299.443 310.083 120.101 2.17996 216
224 0 295.246 308.237 122.094 1.59622 223
225 0 290.62 306.953 123.491 1.51729 224
226 2 293 307 123.417 1.8391 225
227 2 299.75 301 125.958 1.5 226
228 2 306 301 133.417 1.3391 227
229 2 310 306 138.5 1.46575 228
230 2 296 298 129.417 1.63807 227
231 2 293 295 130.5 1.44281 230
232 2 290.5 292.25 131.333 1.1476 231
233 2 286 290 130.708 1.6476 232
234 2 284 286 126.75 1.76507 233
235 2 281 280 125.278 1.76507 234
236 2 280 276 122 1.6476 235
237 2 283 274 119.167 1.43174 236
238 0 285 270 118.583 1.21587 237
239 2 287 266 118 1 238
240 2 278 269 119.75 1.6476 236
241 2 281 266 115.333 1.49201 240
242 2 283 261 113.5 1.53091 241
243 0 285.94 305.692 124.721 1.48266 225
244 2 287 303 125 1.24133 243
245 2 285 300 126 1 244
246 2 283 299 126 1 245
247 0 281.132 305.332 126.043 1.37627 243
248 0 276.18 304.788 126.475 1.26714 247
249 0 271.217 304.243 126.741 1.64985 248
250 0 266.279 303.465 126.669 1.75625 249
251 0 261.279 303.473 126.676 1.26932 250
252 0 256.315 302.869 126.705 1.21167 251
253 0 251.352 302.264 126.733 1.21167 252
254 0 246.435 301.442 126.352 1.67982 253
255 2 248 303 126.3 1.89327 254
256 2 246 309 126.975 2 255
257 2 244.607 317.572 129.417 1.92326 256
258 2 250 319 132.25 1.97442 257
259 2 255 321 132.625 2 258
260 2 259 321 133 2 259
261 2 245 324 131.75 1.60948 257
262 2 246 328 133.483 1.10948 261
263 0 247.5 331.5 135.233 1.25137 262
264 2 249 335 136.983 1.39327 263
265 2 252 338 138.083 1.39327 264
266 2 257.5 340.25 140 1.39327 265
267 2 261 341 141 1.55994 266
268 2 267 344 142 1 267
269 0 260.5 337 140 1.52997 267
270 2 260 333 139 1.5 269
271 2 250 329 136.5 1.41421 263
272 2 252 330 140.5 1.41421 271
273 2 252 326 142.5 1.41421 272
274 0 253 335 144.083 1.20711 272
275 2 254 340 147.667 1.5 274
276 0 242 306.5 125.987 1.5 256
277 2 238 304 125 1.5 276
278 2 231 309 119.5 1.45711 277
279 2 228 312 120 1.13807 278
280 2 230 317 119.5 2 279
281 2 226.5 307 119 1.5 278
282 2 223.125 304.125 120.5 1.5 281
283 2 224 309 123.75 1.5 282
284 2 221 307 115.367 1.5 281
285 2 217 305 113 1.5 284
286 2 221 307.5 108.667 1.41421 285
287 2 225.04 308.99 108.248 1.15897 286
288 2 230 309 108 2 287
289 0 241.77 299.684 125.971 1.58505 254
290 0 237.541 297.2 124.999 1.3555 289
291 0 232.954 295.308 124.382 1.32406 290
292 2 239 294 120.5 1.5 291
293 2 232 290 114.75 2 292
294 2 228 289 108.3 2 293
295 0 229.5 289.5 104.15 2 294
296 2 231 290 100 2 295
297 2 236 288 97.0833 1.66667 296
298 2 239.5 285.75 96.5833 1.66667 297
299 2 246 284.5 96 1.83333 298
300 2 251 286 95.5833 1.4714 299
301 2 257 288 95.25 1.27614 300
302 2 259 288 95 1.41421 301
303 2 262 286 95 1.41421 302
304 2 265 286 95 1.41421 303
305 2 271 285 95 1.41421 304
306 2 277.5 285 95.3889 1.2071 305
307 2 279 287 95.8889 1 306
308 2 281.333 290 96.3333 1.13807 307
309 2 284 293 96.8333 1.27614 308
310 2 286.5 295.5 97.3333 1.41421 309
311 2 226 292 104 1.41421 295
312 2 224 295 104 1.41421 311
313 2 250 292 125.5 1.73607 292
314 2 254.5 291 123 1.41421 313
315 2 261 289 126.444 1.5 314
316 2 266.5 287.5 128.625 1.70711 315
317 2 270 286 129.5 1.41421 316
318 2 255 293 127.25 1.57514 313
319 2 258 295 133.5 2 318
320 2 264 295 135.833 2 319
321 2 268 298 136.5 2 320
322 2 261.5 301 138.25 1.66667 321
323 2 258 302 138.5 1.33333 322
324 2 255 303 140.667 1.4714 323
325 2 259.5 309 141.417 1.70711 324
326 2 261 312 142 1.70711 325
327 2 274 296 136.625 1.70711 321
328 2 275 292.5 138.333 1.70711 327
329 2 273.5 286 138.083 1.35355 328
330 2 272 283 138 1.5 329
331 2 268.5 282 138.75 1.70711 330
332 2 264 281 138.75 1.70711 331
333 0 228.366 293.359 123.998 1.35507 291
334 0 223.815 291.289 123.918 1.29309 333
335 0 219.045 289.805 123.709 1.29339 334
336 0 214.343 288.16 124.138 1.60687 335
337 0 209.705 286.321 124.468 1.58223 336
338 0 205.387 283.864 123.902 1.6655 337
339 0 201.62 280.707 122.982 1.30233 338
340 0 197.955 277.533 121.76 1.68999 339
341 0 193.95 274.822 120.491 1.5504 340
342 0 187.971 272.016 115.977 1.5504 341
343 2 191 266 118 1.65487 342
344 2 194 260 118 1.41421 343
345 2 194 255 118 1.13807 344
346 0 193.281 250.469 117.75 1.17974 345
347 0 192.562 245.938 117.5 1.2214 346
348 0 191.844 241.406 117.25 1.26307 347
349 2 191.125 236.875 117 1.30474 348
350 2 190.75 234.75 113.667 1.80474 349
351 2 189 234 110.25 1.80474 350
352 2 186.687 233.687 106.66 1.54831 351
353 2 186 233 105 1.41421 352
354 2 189 258 120.556 1.80474 344
355 2 184.833 255.5 122.389 1.70711 354
356 2 182 253 123.667 1.70711 355
357 0 182 248.75 123.833 1.4714 356
358 2 182 244.5 124 1.2357 357
359 0 183.5 238.25 127.5 1.36785 358
360 2 185 232 131 1.5 359
361 2 186 228 130.167 2 360
362 2 186 222.5 128.167 2 361
363 2 187 220 127 2 362
364 0 185.986 275.508 114.28 1.2752 342
365 2 184 277 112.583 1 364
366 2 182 277 112.167 1 365
367 2 178 274 111.75 1 366
368 2 178.5 274 109 1.60948 367
369 2 184 276 105.5 1.41421 368
370 2 187 274 106 1.58088 369
371 2 195.5 269 106 1.41421 370
372 2 201 265 106.333 1.41421 371
373 2 206 262 107 1.41421 372
374 2 211 261 106 1.27614 373
375 2 215 262 105.833 1.13807 374
376 2 219 262 105.389 1 375
377 2 223 263 104.639 1 376
378 2 226 264 103.722 1 377
379 2 230 265 102.833 1.13807 378
380 2 233 264 102.25 1.27614 379
381 2 235 264 102 1.41421 380
382 2 236 263 100.083 1.46212 381
383 2 241 261 98.7667 1.73607 382
384 2 246.5 256.5 96.725 1.49071 383
385 2 249 255 96 1.61803 384
386 2 244 253 91.5 2 385
387 2 242 258 89 2 386
388 2 246 260 90.75 2 387
389 2 250 260 90.75 2 388
390 2 239 254 87.75 1.66667 387
391 2 237 250 86.9167 1.66667 390
392 2 233 251 85.6667 2 391
393 2 229 250 84.6667 2 392
394 2 227 251 84.25 2 393
395 2 250.5 248 89 2 386
396 2 244.5 245.5 93.5 2 386
397 2 249.5 241.25 92.8333 1.60948 396
398 2 251 237 93.5833 1.20316 397
399 2 247 233 93.9167 1 398
400 2 246 231 94.125 1 399
401 2 245 225 94.5 1 400
402 2 255 241 92.4167 1.60948 397
403 2 258 242 92 1.41421 402
404 2 254 251 96 1.41421 385
405 2 257 248 96 1.41421 404
406 2 260 245 96 1.41421 405
407 0 247 260 97 1.36803 383
408 2 253 257 97 2 407
409 2 255 265 98.6667 1.5 408
410 2 255 269 98.8333 1.5 409
411 2 256 272 99 2 410
412 0 254 250 97.4167 1.5 408
413 2 255 243 97.8333 2 412
414 2 258 257 95.5 1.80474 408
415 2 265.5 257 95.125 2 414
416 2 266 261 94.5 1.70711 415
417 2 267 263 93.5 1.35355 416
418 2 272.25 257.5 95.125 2 415
419 2 276 258 95.25 2 418
420 2 276 263 99.125 2.11803 419
421 2 272 260 103.85 2.11803 420
422 2 277 264 107 1.76612 421
423 2 282 259 95.75 2 419
424 2 274 263 93.3333 1.41421 419
425 2 275 269 93.1667 1.41421 424
426 2 275 272 93 1.41421 425
427 2 256.75 259.5 101 1.5 408
428 2 259 261 101 1.5 427
429 2 226.268 268.591 108.21 1.08157 377
430 2 228.75 274.25 109.333 1.01184 429
431 2 231.5 277 110.417 0.902369 430
432 2 234 280 111 1 431
433 2 223 265 110.667 1.41421 429
434 2 221 262 103.187 1.24559 376
435 2 222 262 99.5 1.70711 434
436 2 206 258.75 109 1.5 373
437 2 202 255.5 110.5 1.5 436
438 2 204.5 253.5 113.75 1.5 437
439 2 188 274 103 1.58088 370
440 2 192 273 103 1.58088 439
441 2 192 275.537 98.4391 1.31754 440
442 0 194.875 271.894 98.7612 1.40877 441
443 2 197.75 268.25 99.0833 1.5 442
444 2 201 266 99.3333 1.77251 443
445 2 204 266 99.5 1.65877 444
446 2 195 281 97.5 1 441
447 2 195.25 281 95.5 1.01184 446
448 2 197.5 277.5 94 1.40237 447
449 2 200 275 95 1.5 448
450 2 204 273 93 1.23607 449
451 2 209 272 92.5 1.10948 450
452 0 214 272 92.5625 1.30474 451
453 2 219 272 92.625 1.5 452
454 2 200 280 93.3333 1 447
455 2 197 282 91 1.41421 454
456 2 197 285.5 90.75 1.41421 455
457 2 197 288 90.5 1.41421 456
458 2 201.5 278.5 90.6111 1.30474 454
459 2 207 275 89.2778 1.40237 458
460 2 213.5 273 89 1.13807 459
461 2 216.833 273.667 88.7407 1 460
462 2 222 274 87.7778 1 461
463 2 224.5 274 86 1 462
464 2 227 277 87 1 463
465 2 231.2 278.4 87.2222 0.967689 464
466 2 238 280.25 87.8611 1.16758 465
467 2 242 281 88 1.23607 466
468 2 241 284 88 1.15738 467
469 2 243 290 88 1.11803 468
470 2 243 294 88 1.30474 469
471 2 243 298 89 1.5 470
472 2 242.5 303.25 88.1667 2 471
473 2 242 309 88 2 472
474 2 243.125 314.375 87.9583 2 473
475 2 226.954 273.303 85.2324 1 463
476 2 228 274 85 1 475
477 2 204.5 274 87 1.40237 459
478 2 201.25 275 86 1.50592 477
479 0 197 273.25 85.1597 1.60651 478
480 2 192.75 271.5 84.3194 1.70711 479
481 2 187 266 82.6667 1.70711 480
482 2 196 273 89.5 1.30326 479
483 2 194.5 282.5 95 1.28009 447
484 2 191.833 286.5 94.3333 1.60948 483
485 2 190 290 94 1.5 484
486 2 186 291 90.6667 1.65738 485
487 2 182 296 89.5 1.73607 486
488 2 182.297 276.703 102.198 1.22759 369
489 2 182 279 102 1.22759 488
490 2 180 283 102 1.22759 489
491 0 176.5 286.5 103.25 1.36379 490
492 2 173 290 104.5 1.5 491
493 2 183 274 99.1667 1.82843 488
494 2 186 270 98.5 1.82843 493
495 2 189 264 95.5 1.5 494
496 2 189 260 95.5 1.5 495
497 2 185 262 93.25 1.70711 496
498 2 181 260 89.25 1 497
499 2 179 258 89.25 1 498
500 2 186 252 95 1.41421 496
501 2 182 249 93.75 1 500
502 2 178 248 93.5 1 501
503 2 175 248 93.25 1 502
504 2 186 254 93.5 1.5 496
505 2 184.5 254 88.5 1.5 504
506 2 181 251 86.5 1.5 505
507 0 183 270 96.25 1.53225 494
508 2 180 270 94 1.23607 507
509 0 177 270.5 93.25 1.23607 508
510 2 174 271 92.5 1.23607 509
511 2 171 270 88.8889 1.15738 510
512 2 168 265 88 1 511
513 2 163.5 265 85.9167 1.41421 512
514 2 159 261 85 1.41421 513
515 2 153 258 83.9444 1.5 514
516 2 148 259 82.5 1.41421 515
517 2 152 260 82 1.41421 516
518 2 155 262 81.6667 1.27614 517
519 2 158 264 81 1.13807 518
520 2 160 268 80.3333 1 519
521 2 162 270 80 1 520
522 2 164 273 79 1.5 521
523 2 167 276 78 1.5 522
524 2 165 280 75.4167 1.4714 523
525 0 163.5 283.5 74.8333 1.46426 524
526 2 162 287 74.25 1.45711 525
527 2 159 285 74 1.22855 526
528 2 158 289 72.1667 1.35233 527
529 2 156 291 71.6667 1.41421 528
530 2 154 297 71 1.41421 529
531 2 151 301 70 1.70711 530
532 2 162 271 77.6667 1.41421 521
533 2 160.25 275.5 77 0.914214 532
534 2 160 278 77 0.914214 533
535 2 157.5 278 77 1 534
536 2 156 278 77 1 535
537 2 147 264 82.25 1.27614 517
538 2 145.25 266.25 82.5833 1.13807 537
539 2 142.5 267.5 82.9167 1 538
540 2 140 270 83 1 539
541 2 139 271 83 1 540
542 2 145 261 80 1.5 516
543 2 142 261 80 1.73607 542
544 2 138 264 80.6667 1.73607 543
545 2 135 266 81 1.73607 544
546 2 143 263 80 1 542
547 2 140.5 265.333 78.5 1.20711 546
548 2 138 267 78 1.41421 547
549 2 143 272 77.3333 1.5 548
550 2 134 271.5 78 1.41421 548
551 2 132 274 77 1 550
552 2 152 255 84 1.25 515
553 2 160 258 83 1.5 514
554 0 157 255 82.125 1.5 553
555 2 154 252 81.25 1.5 554
556 2 157.5 248.5 78 1.73607 555
557 2 155 244 74.75 1 556
558 2 153 239 74.25 1 557
559 2 150 236 73.75 1 558
560 2 150 250 79.3333 1.4714 555
561 2 146 247 79 1.4714 560
562 2 140.75 245.75 78.3333 1.7214 561
563 2 137 244 78 2 562
564 2 131 246 77 2 563
565 2 125 243 73.5 1 564
566 2 121 239 73.5 1 565
567 0 139.25 236.75 77.5 1.75 563
568 2 141.5 229.5 77 1.5 567
569 2 143 225 77 1 568
570 2 144 221 76.4167 1.13807 569
571 2 145 217 75.1667 1.27614 570
572 2 147 213 73.4167 1.41421 571
573 2 149 209 71.75 1.41421 572
574 2 151 206 70.25 1.41421 573
575 2 156 203 69.25 1.41421 574
576 2 157 202 68.75 1.41421 575
577 2 175 277 92.3333 1.35483 509
578 0 175.25 282 94.2708 1.48643 577
579 2 175.5 287 96.2083 1.61803 578
580 2 177 291 97 1.61803 579
581 2 185 275 94.5 1.82843 494
582 2 187 277 91.25 1.62132 581
583 2 183 281 88.5 1.62132 582
584 2 181.25 275.5 85.75 1.62132 583
585 2 177 269 84.25 1.62132 584
586 2 188 279 111.167 1.5 364
587 2 189 283 110.833 1 586
588 2 190 286 110.5 1 587
589 2 193 288 110 1 588
590 2 191 292.5 110.167 1.34518 589
591 2 189 296 111 1.41421 590
592 2 197 291 110 1 589
593 2 200 297 110 1 592
594 2 201 299 110 1 593
595 2 202.792 299 112.415 1.1954 594
596 2 203 300 115 1.41421 595
597 2 199 300 104.5 1.32843 594
598 2 203 302 103.667 1.41421 597
599 2 206 304 103 1.41421 598
